[-0.03907067  0.09785548 -0.02501108 -0.07159387 -0.02295038 -0.07109895
 -0.03775247 -0.16556983  0.18841608 -0.10402258  0.21894796 -0.00201182
 -0.1702778  -0.14512213  0.04000395  0.11263427 -0.1571524  -0.16871813
 -0.03920432 -0.06446662  0.04007762  0.01279038  0.06423628  0.08731646
 -0.10230283 -0.31593785 -0.08648349 -0.0790685   0.00220276  0.01584841
 -0.03409947  0.11420918 -0.21273202 -0.05020104  0.07674595  0.17185456
 -0.03440504 -0.03796171  0.23066238  0.00514694 -0.10406457 -0.03473023
 -0.00740094  0.27670553  0.1257304  -0.03542637  0.00098688 -0.0410068
  0.10260087 -0.22977118  0.08633694  0.16189185  0.10981993  0.01363306
  0.11546925 -0.11848822  0.05455534  0.06919608 -0.19193782 -0.01746999
  0.02196928 -0.10824874 -0.10098922 -0.10416599  0.22247002  0.14524098
 -0.08646879 -0.10556404  0.12288014 -0.08001293 -0.07328999  0.03755229
 -0.12541616 -0.18293205 -0.27537429  0.02448427  0.39964235  0.17263362
 -0.23242083  0.09142745 -0.03324037 -0.02717625  0.12748623  0.02139859
 -0.06629866  0.09782201 -0.14708878  0.1065717   0.14397529 -0.04280341
 -0.09547611  0.20411353 -0.0341355   0.11554915  0.06685236 -0.0357528
  0.013418    0.01079877 -0.22268546  0.00545907  0.10948373 -0.03157004
 -0.02888265  0.07056497 -0.15299726  0.05893398  0.0539384  -0.04840708
 -0.0279609  -0.00658819 -0.1887964  -0.04425529  0.11567636 -0.27991208
  0.19278266  0.11443473 -0.00855729  0.17588471  0.06187361  0.0202489
  0.00618419 -0.1149826  -0.15818277 -0.08438552  0.10185397  0.07859227
  0.08454178  0.03680674][-1.47388965e-01  6.50432259e-02  3.26621756e-02 -4.01608050e-02
 -3.71452933e-03 -7.71893933e-03  1.07450895e-02 -5.25947958e-02
  2.04357684e-01 -1.13830931e-01  2.00663820e-01 -2.99800970e-02
 -1.32534146e-01 -1.68201596e-01  3.19198295e-02  7.29270875e-02
 -1.10294454e-01 -1.88168094e-01 -5.10945693e-02 -5.89531213e-02
  3.17570083e-02 -8.19154084e-02 -9.25325528e-02  5.61257936e-02
 -1.25606224e-01 -3.25368226e-01 -8.75367895e-02 -1.80518463e-01
  1.06741682e-01 -1.23869471e-01  1.40336398e-02 -3.37505061e-03
 -1.64503962e-01 -2.71724723e-02 -6.05641901e-02  9.32486132e-02
  1.93570228e-03 -4.76630405e-04  1.59831375e-01 -3.23869959e-02
 -1.65783748e-01 -4.77497131e-02  1.74911674e-02  2.50161260e-01
  1.63597882e-01  1.11122383e-02  2.38532629e-02 -1.76610071e-02
  8.22564960e-02 -1.88908562e-01  5.14528751e-02  1.21624760e-01
  1.50877506e-01  7.42005706e-02  4.40893844e-02 -1.65460899e-01
  3.68979014e-03  1.80240702e-02 -2.53644347e-01  9.05746818e-02
  1.23807527e-02 -4.76119593e-02 -1.69393912e-01  7.25320801e-02
  2.51627892e-01  1.54536262e-01 -1.12376139e-01 -2.43541896e-01
  2.45451063e-01 -1.94500789e-01  1.57778692e-02  1.28158510e-01
 -8.23561251e-02 -1.42188862e-01 -1.78225070e-01  1.07400142e-01
  4.24322337e-01  8.31012428e-02 -1.86449811e-01  6.07966334e-02
 -1.92160979e-01 -7.07386732e-02  3.02226525e-02  3.68374735e-02
 -4.23339531e-02 -1.39554767e-02 -1.14275798e-01  1.18987840e-02
  1.40524566e-01  1.05091855e-02  3.50391259e-04  1.02989048e-01
  1.51011012e-02 -1.68126170e-02 -1.03246830e-02  2.04983763e-02
 -9.59610865e-02  4.75093015e-02 -9.45754722e-02 -9.91008505e-02
  1.08167432e-01 -2.93870717e-02 -1.13044903e-02  7.89164305e-02
 -1.69675469e-01  2.16679096e-01  6.38001412e-02 -2.53084451e-02
  2.81216167e-02  4.79997508e-02 -1.03229634e-01 -5.12309708e-02
  1.62362948e-01 -2.63910443e-01  1.95582867e-01  1.30194172e-01
  9.36031714e-02  1.23223878e-01  7.71436319e-02  6.48971796e-02
  7.14390874e-02 -4.49448638e-02 -1.90865695e-01 -2.51393840e-02
 -3.49470228e-02 -5.46999462e-02 -2.72687059e-02  2.13676356e-02][-0.13591953  0.08281945  0.00713366 -0.01527525 -0.02209239 -0.07722025
 -0.05689084 -0.07890675  0.10737852 -0.12176305  0.24743433  0.00573419
 -0.11026293 -0.22562458  0.02608011  0.08629386 -0.07685886 -0.18056726
 -0.04471149 -0.06766146  0.03999601 -0.05786631  0.00079997  0.08241318
 -0.12074766 -0.43848154 -0.0927297  -0.11600804  0.0545     -0.12906548
 -0.02653177  0.02010988 -0.15969567 -0.06747831 -0.02779181  0.07810403
 -0.02360166  0.00519288  0.16291013  0.01402316 -0.13122942 -0.01722253
  0.01395731  0.31547734  0.27044445  0.0682013   0.07212737 -0.01101722
  0.13006119 -0.21792613  0.08858982  0.08213442  0.16277842 -0.00220381
  0.11402734 -0.0789494  -0.0440189   0.12040406 -0.21383058  0.06759215
 -0.05594785 -0.045145   -0.11163    -0.0285241   0.2856158   0.15767232
 -0.09565739 -0.09168403  0.30640543 -0.19700859 -0.03736185 -0.00406879
 -0.08295872 -0.17698029 -0.25046033  0.10259976  0.34581545  0.17507735
 -0.184255    0.08024327 -0.04792483  0.00779107  0.05102413  0.055964
 -0.11037784 -0.03389024 -0.07038135 -0.01595713  0.15847366  0.0811714
 -0.04217831  0.16273892 -0.01892291  0.03898165  0.10919025 -0.04137473
 -0.08887913  0.00401298 -0.14820138 -0.04358866  0.02039898 -0.08232325
  0.01457803  0.11602174 -0.14194487  0.14687586 -0.02762904  0.02630468
  0.03347698  0.08189289 -0.08301031 -0.10279705  0.06533876 -0.2310866
  0.16586366  0.15982406  0.07761036  0.1761986   0.08140062  0.05070656
  0.06705347 -0.02865318 -0.18794566 -0.02604173  0.03729465 -0.07039355
  0.01805157  0.03764473]